p
971
idx PDG vx vy vz vt px py pz
0 2112 50.0527 -6.26036 1535 18.0316 8.91565 5.85152 306.577
1 22 -68.7098 -115.699 1535 7.01957 -0.00168512 -0.0129254 0.144389
2 2112 135.974 -172.766 1535 20.3741 29.8221 -29.1126 265.631
3 22 285.265 -282.04 1535 6962 0.411255 -0.139695 1.32236
4 2112 -56.8047 -108.919 1535 28.6874 -6.2382 -20.1136 178.114
5 22 34.1281 -54.8984 1535 7.01245 0.0568085 -0.312254 7.41561
6 2112 -90.113 152.835 1535 35.0401 1.58518 26.398 127.095
7 2112 191.171 -56.2676 1535 33.9299 13.1807 -1.87714 151.754
8 22 -275.833 -112.367 1535 388.768 -0.111217 -0.0410404 0.578339
9 22 -237.898 88.5595 1535 6.82577 -0.569877 0.310754 3.26346
10 2112 -238.375 -106.444 1535 21.2414 -41.2657 -24.1781 251.697
11 2112 276.963 -240.102 1535 17.082 65.6129 -50.88 329.053
12 22 -260.023 -154.788 1535 6.55078 -0.874633 -0.597833 6.13702
13 22 -58.3828 0.944352 1535 13.8371 -0.0221831 -0.00405519 0.6304
14 22 -2.37559 218.354 1535 8.20228 0.0033805 0.00300115 0.0483922
15 2112 11.8754 -209.08 1535 25.5642 2.30365 -28.02 203.751
16 22 -284.707 -228.875 1535 12.6003 -0.13726 -0.0985056 0.441524
17 2112 107.147 99.7602 1535 38.5451 13.9294 1.11505 128.449
18 22 -20.1767 -81.9047 1535 17.115 0.0748218 -0.0947363 2.21674
19 22 53.3359 136.835 1535 6.92251 0.12183 0.3713 4.87169
20 22 -222.375 -134.454 1535 6.94281 -0.630706 -0.387886 4.2069
21 2112 -180.285 55.2741 1535 15.1384 -39.4095 22.3732 385.618
22 22 -40.657 25.0298 1535 7.09531 -0.132841 0.385851 8.05134
23 22 204.941 -26.8077 1535 2494.74 0.342576 0.3665 4.79971
24 22 -70.7752 -4.97149 1535 6.79248 -0.343749 0.0550385 4.45096
25 2112 85.2391 -199.1 1535 21.1731 14.4011 -11.2599 256.734
26 22 -160.98 255.43 1535 7.18075 -0.116874 0.149941 0.864796
27 22 228.375 84.503 1535 6.88305 0.259354 0.0999696 1.47798
28 2112 209.355 -110.064 1535 18.7097 42.759 -36.2815 296.544
29 2112 61.4565 -55.1334 1535 27.4308 9.44944 -3.30035 188.439
30 22 -105.765 251.081 1535 133.692 -0.196481 0.204296 1.52168
31 22 -253.902 -175.214 1535 253.554 -0.210892 -0.334949 1.57142
32 2112 -103.742 52.4751 1535 19.1012 -14.536 5.05412 286.049
33 22 -254.403 115.282 1535 6.84284 -1.50192 0.738181 8.79514
34 2112 101.201 -84.5563 1535 19.6526 5.0233 -19.4493 278.427
35 2112 -217.876 290.116 1535 24.5003 -29.1361 35.3434 216.498
36 2112 206.32 -116.631 1535 31.7042 1.04941 -29.3929 164.233
37 2112 -128.322 123.642 1535 44.4256 -1.54674 4.43074 110.206
38 22 -56.113 236.6 1535 11.2984 -0.000740956 0.0379483 0.117108
39 22 242.527 247.564 1535 8.40049 0.0909531 0.0409731 0.293122
40 22 95.5719 243.656 1535 173.274 0.498074 1.55197 4.54267
41 22 -45.168 245.736 1535 8.05262 -0.0341211 0.0874186 0.191496
42 22 -50.8259 22.0084 1535 6.82606 -0.132355 0.00464467 2.32173
43 22 78.8645 4.21254 1535 8.73167 0.0444258 -0.10009 9.47768
44 2112 220.398 -117.386 1535 60.5618 5.20571 -12.4103 79.8115
45 22 55.6623 -188.452 1535 7.25881 0.0768239 -0.136157 0.698241
46 2112 -88.7444 -78.1717 1535 16.4532 -20.0694 -8.1157 343.582
47 22 206.232 84.3015 1535 7.09348 0.875531 0.42868 6.09226
48 22 -58.237 214.965 1535 7.39275 -0.0021514 0.0142801 0.12305
49 22 295.928 44.8162 1535 7.63936 0.897708 0.040284 4.25035
50 22 -211.202 -128.372 1535 6.94015 -0.599322 -0.503138 4.28463
51 22 -248.605 268.672 1535 3373.13 -0.363818 0.173899 1.33766
52 22 -19.4431 -115.853 1535 6.4913 0.0620694 -0.566261 5.64376
53 22 206.77 203.783 1535 8.57342 0.0200914 0.00389953 0.0835253
54 2112 -105.617 -228.682 1535 15.7538 -21.9458 -57.9718 363.757
55 22 -241.627 -163.597 1535 525.009 -0.176002 -0.0480336 0.783701
56 2112 40.2748 -186.086 1535 25.857 6.62298 -23.2865 202.322
57 2112 20.3355 187.649 1535 21.806 6.29348 33.9852 244.513
58 22 252.197 268.48 1535 8.38262 0.0167172 0.0156443 0.0846629
59 22 -41.9693 280.693 1535 7.18546 0.00098643 0.0897766 0.30593
60 22 -121.861 -24.4135 1535 158.61 -0.524928 -0.0488968 2.47346
61 22 -38.4001 191.278 1535 7.29214 -0.0160638 0.0269422 0.442033
62 2112 51.9359 179.925 1535 37.1076 5.89503 15.4822 133.981
63 22 -170.315 34.3481 1535 7.09193 -0.311635 -0.00602063 1.59392
64 2112 -219.526 226.968 1535 23.9353 -32.1177 34.4408 219.298
65 2112 115.134 138.77 1535 22.5062 7.28439 11.6436 243.167
66 22 8.4551 -295.249 1535 271.663 0.0249725 -0.0500094 0.19034
67 22 44.7929 171.821 1535 7.02297 0.21966 0.663126 6.54088
68 22 -109.55 36.292 1535 6.37283 -0.729481 0.37166 8.06562
69 22 61.9913 -109.559 1535 11.9876 -0.00161633 0.000885272 0.0372222
70 22 -17.4067 144.724 1535 6.87308 -0.0820585 0.292561 3.70172
71 2112 246.989 69.8862 1535 22.8516 43.8695 5.85721 231.149
72 22 -288.768 -90.3544 1535 7.29033 -0.00523528 0.00341109 0.03617
73 2112 129.878 202.93 1535 26.5888 25.1234 29.5391 194.594
74 22 281.172 285.952 1535 441.441 0.268724 0.150576 1.00918
75 22 11.221 133.153 1535 157.86 0.259302 0.710784 4.76623
76 22 -184.181 -105.805 1535 6.86041 -0.293456 -0.216453 2.29543
77 22 229.06 157.972 1535 8.706 0.0366652 0.0131117 0.138381
78 22 -222.198 260.702 1535 6.91232 -0.584741 0.775858 4.0652
79 22 -269.902 170.935 1535 7.07907 -0.330586 0.261433 1.29733
80 22 148.123 142.064 1535 8.33632 0.5034 0.42115 3.87665
81 2112 -0.561139 83.9554 1535 26.9951 3.65242 13.7615 191.265
82 22 98.8022 -298.686 1535 7.26831 0.0255035 -0.0439606 0.319414
83 22 130.151 -40.3069 1535 6.92137 0.408324 -0.25294 4.55188
84 2112 -209.379 -178.52 1535 81.8137 -15.1488 -2.83472 50.0652
85 2112 196.092 295.824 1535 26.3127 18.5072 38.0972 196.717
86 2112 -226.028 265.517 1535 17.7472 -32.0415 40.4091 317.263
87 2112 135.461 113.414 1535 35.7256 17.6543 24.1001 128.913
88 22 -17.3365 -259.334 1535 7.07948 -0.0787374 -0.139299 2.00705
89 22 -218.307 -185.792 1535 11.3175 -0.295602 0.104109 1.27856
90 2212 28.4373 -47.5772 1535 24.5889 -72.6022 -107.036 159.189
91 11 29.4027 -47.0138 1535 24.5629 0.0749596 -0.12746 0.144309
92 22 -25.8151 128.757 1535 119.469 -0.173003 0.300067 2.15455
93 22 -105.067 -175.63 1535 34.8737 -0.0136718 0.0125138 0.264673
94 22 203.498 80.7002 1535 319.521 0.0229746 0.0447897 0.245913
95 22 -123.985 -19.177 1535 6.91984 -0.212074 0.00232726 2.58209
96 22 -11.2762 143.702 1535 6.87406 -0.131281 0.301484 2.21147
97 22 -9.78839 161.628 1535 118.555 0.00986933 0.0523382 0.277545
98 22 237.272 -9.03197 1535 6.46322 0.528897 0.102466 4.0878
99 22 -128.181 134.437 1535 7.1237 -0.268516 0.335367 4.49043
100 22 -16.9926 -154.439 1535 6.66869 -0.113766 -0.382297 3.13938
101 22 58.4323 -48.6449 1535 7.52669 -0.00309778 0.00341329 0.0671845
102 22 -234.064 90.9107 1535 376.468 -0.430496 0.114795 2.13624
103 22 -123.416 152.585 1535 6.98338 -0.28666 0.538649 5.38409
104 2112 -96.4171 26.7707 1535 41.1885 -14.8974 10.3282 122.97
105 22 197.39 -118.192 1535 7.1954 0.0637786 -0.0769462 0.50113
106 22 218.477 -255.462 1535 7.19725 0.639207 -0.907515 4.89965
107 22 -180.073 270.287 1535 7.33075 -0.0399084 0.113346 0.68409
108 22 -80.8537 -47.8696 1535 6.9275 -0.207398 -0.0283538 5.29669
109 22 259.832 249.37 1535 7.81442 0.0478496 0.0184015 0.230265
110 22 170.535 -76.979 1535 7.25848 0.234189 0.150653 1.44494
111 22 -34.7773 267.658 1535 194.856 0.250146 1.74419 4.49282
112 22 111.64 288.72 1535 6.97797 0.221489 0.505812 2.906
113 2112 186.265 115.389 1535 33.423 14.7543 15.4271 150.284
114 22 168.871 -13.6923 1535 6.94365 0.612285 0.0683676 5.92969
115 2112 -24.2963 -27.8857 1535 16.6127 4.99833 -13.2489 344.367
116 22 216.415 262.082 1535 6.84976 0.664133 0.675369 5.02698
117 22 -296.559 67.833 1535 246.651 -0.00521748 -0.000447705 0.0236037
118 22 -49.7742 -3.86267 1535 7.08706 -0.0125604 0.00432393 0.156424
119 22 197.695 60.3028 1535 6.95489 0.831796 0.423445 6.10323
120 22 144.132 -182.25 1535 6.74045 0.597101 -0.76747 6.89674
121 22 44.549 160.595 1535 6.66372 -0.00834048 0.40425 4.50811
122 22 -38.9685 -60.5853 1535 6.85097 -0.306503 -0.330395 9.13659
123 22 -203.443 -11.8015 1535 7.703 -0.016773 -0.0231745 0.145262
124 22 -241.992 243.122 1535 7.04672 -1.17916 1.4347 8.90048
125 22 36.8169 -192.24 1535 230.575 -0.199465 -0.747136 4.37594
126 22 -87.8705 -68.7277 1535 1667.62 0.323975 -0.0640786 4.81458
127 22 248.8 171.223 1535 56.14 1.30404 1.14693 4.0913
128 22 208.441 32.6202 1535 6.76789 0.0243244 0.0304564 0.163454
129 22 143.114 214.047 1535 7.74565 0.00702017 0.00379947 0.0508584
130 22 -197.424 19.5769 1535 7.63774 -0.00634431 0.00613309 0.0348876
131 22 264.223 -55.5382 1535 6.92006 0.265944 -0.117621 1.56866
132 22 -94.1235 234.516 1535 9.45789 -0.00555554 0.024393 0.0711749
133 2112 -252.486 197.424 1535 23.8528 -43.0938 30.95 221.361
134 22 250.675 182.04 1535 357.224 0.0176229 0.0120273 0.0726273
135 22 -186.516 -176.23 1535 6128.27 -0.291536 -0.335442 2.17817
136 2112 -179.177 255.19 1535 28.8747 -47.025 35.0122 179.911
137 2112 -101.001 -84.3696 1535 21.5601 -21.1132 -23.8447 246.518
138 22 253.077 213.108 1535 6.98717 0.25283 0.220621 1.77687
139 22 7.24594 -117.5 1535 6.40107 0.224934 -0.754048 7.42713
140 2112 -53.5285 203.674 1535 24.9258 -31.4549 38.7102 209.592
141 2112 -80.9394 112.949 1535 18.342 -11.3625 30.2259 300.055
142 22 215.477 149.345 1535 7.1487 0.741285 0.467965 4.43022
143 2112 -82.9993 167.962 1535 25.6324 -29.4654 30.1435 205.916
144 2112 -216.31 18.147 1535 20.4862 -39.3472 4.66283 262.375
145 22 225.938 -49.31 1535 7.20627 0.186111 -0.0357745 0.656149
146 22 -95.662 -193.099 1535 7.08608 -0.342593 -0.77616 5.13377
147 2112 108.892 182.907 1535 24.2391 38.9868 37.8999 216.383
148 2112 -62.118 264.852 1535 514.574 0.493818 0.896625 10.0108
149 22 176.9 266.648 1535 407.032 0.428178 1.13203 4.27427
150 11 -264.077 84.1761 1535 124.016 -0.280975 0.303295 2.40467
151 22 -134.303 -23.4557 1535 9.03035 -0.207114 -0.0293592 4.45058
152 2112 39.3966 9.42317 1535 20.5192 0.887961 7.84869 263.027
153 2112 84.2846 -187.182 1535 24.6363 9.78595 -49.8746 211.96
154 22 56.2382 267.956 1535 6.95153 0.00408318 0.0826684 0.391439
155 22 -4.77086 -289.218 1535 206.026 0.604337 -0.443529 4.38005
156 22 280.822 277.02 1535 8.5887 0.0426516 0.00494945 0.141059
157 2112 -16.4356 103.631 1535 17.3349 -5.35513 19.8714 321.908
158 22 -140.625 172.983 1535 11427.9 -0.347637 0.139898 2.19124
159 22 63.0877 -245.662 1535 6.80854 0.116724 -0.755393 3.70906
160 22 259.602 -55.8885 1535 149.893 0.151379 0.198765 1.08413
161 22 -102.399 -101.44 1535 122.375 -0.689928 -0.0705422 4.3888
162 2112 -11.2497 70.8797 1535 21.7164 -11.9305 2.60332 241.463
163 22 102.666 100.35 1535 162.356 0.00500102 0.0104569 0.0599519
164 22 -156.734 -241.082 1535 161.331 -0.0172669 -0.0114568 0.0571709
165 2112 -261.865 -297.297 1535 29.1299 -34.8725 -25.3808 183.422
166 22 194.675 60.2633 1535 415.277 0.233558 0.319756 4.80878
167 22 7.95985 100.69 1535 48.2893 -0.0757241 0.158265 1.58051
168 22 -70.7724 255.306 1535 7.95761 -0.00486517 0.00205041 0.0560322
169 22 139.813 -299.671 1535 240.321 -0.0048472 -0.787222 4.7609
170 2112 -225.8 227.245 1535 292.953 -2.22184 4.19078 12.1595
171 22 287.563 -291.857 1535 6.92395 0.62833 -0.694421 3.57736
172 22 -162.3 -277.533 1535 6.84602 -0.360525 -0.573333 2.27396
173 22 -198.231 110.162 1535 6.59445 -0.331086 0.475132 3.6485
174 22 -164.233 -153.144 1535 6.9602 -0.250103 -0.352237 3.21747
175 22 256.041 -93.8055 1535 7.83215 0.0283979 -0.00686432 0.0952929
176 22 -159.151 132.218 1535 7.08506 -0.0173951 0.288982 1.76962
177 2112 -253.661 90.2978 1535 25.1464 -26.9674 17.4236 208.812
178 2112 -279.343 71.8186 1535 34.3745 -27.4437 6.11938 148.021
179 2112 237.984 116.954 1535 69.9523 8.83286 4.04837 57.5255
180 22 -268.565 -147.008 1535 7.0406 -0.776433 -0.275507 3.64678
181 2112 -283.688 -18.2449 1535 25.9977 -48.2684 4.46302 201.711
182 22 -186.091 -25.1968 1535 1754.9 -0.0247395 0.017309 0.510106
183 22 222.042 252.522 1535 7.4316 0.132518 0.377017 1.07739
184 2112 182.162 13.4158 1535 18.4668 30.6491 -0.756019 297.897
185 2112 -152.584 216.582 1535 17.5627 -31.6994 35.7685 317.575
186 22 192.692 -123.026 1535 1083.62 0.120498 -0.048248 0.394637
187 22 258.671 85.6699 1535 9.24473 0.498238 0.0188093 4.11959
188 22 -147.98 35.8446 1535 295.668 -0.235813 0.432811 2.12582
189 22 -150.541 73.0586 1535 6.94427 -0.580205 0.352097 4.72271
190 22 -235.631 -192.408 1535 11.246 -0.928416 -0.306729 4.37902
191 22 -163.209 -169.612 1535 6.6659 -0.792399 -0.77378 9.70538
192 22 -58.8704 -294.322 1535 90.6018 0.0172269 -0.0881201 0.400703
193 22 -293.165 -156.03 1535 7.03975 -1.19438 -0.772979 6.46527
194 22 57.5507 194.907 1535 7.00912 0.00980134 0.0627729 0.335069
195 2112 82.0486 -147.325 1535 20.5639 17.1148 -45.3991 258.059
196 22 -255.335 9.70526 1535 7.10681 -1.40942 0.0328749 7.02367
197 22 293.99 -256.934 1535 7.12087 1.21737 -0.894954 6.58299
198 2112 192.247 -27.099 1535 16.5614 50.473 -8.17033 340.72
199 22 108.174 -258.717 1535 4946.13 0.279319 -0.42211 1.8683
200 22 211.529 -179.444 1535 6.6112 0.502798 -0.611236 4.32768
201 2112 200.613 140.21 1535 19.6653 37.058 18.7454 276.807
202 22 105.323 136.501 1535 171.138 0.916983 0.39843 4.57326
203 22 -82.55 109.118 1535 6.97057 -0.0596802 0.187835 0.700956
204 2112 99.6008 154.755 1535 21.7561 6.13507 33.973 246.301
205 22 210.002 142.788 1535 9.20521 0.0150548 0.000784708 0.0823696
206 22 229.997 33.6693 1535 54.6408 0.325505 -7.70503e-05 1.63398
207 22 -166.306 -218.449 1535 7.03622 -0.566473 -0.642732 5.12832
208 22 -155.622 214.991 1535 6.98021 0.0203161 0.278668 1.87822
209 2112 72.5784 222.706 1535 24.0847 6.9334 31.9122 218.359
210 11 -272.645 -98.7373 1535 8.01705 -0.654742 0.864113 4.89011
211 22 -183.073 -104.881 1535 7.96118 -0.00372238 -0.00705601 0.123927
212 22 125.592 -153.985 1535 6.87183 0.118159 -0.274755 2.07039
213 22 173.683 67.4581 1535 7.07923 0.338154 0.108195 3.86823
214 22 -235.401 274.156 1535 219.514 -2.08905 1.6979 8.86654
215 22 -44.6556 235.218 1535 459.281 0.125215 1.10579 4.30313
216 22 -290.077 148.698 1535 7.00047 -0.77807 0.326334 3.38689
217 22 -166.754 -101.627 1535 7.9436 -0.0365457 -0.0610929 0.296858
218 2112 201.963 -279.108 1535 27.3156 26.8277 -27.2506 168.337
219 22 -266.526 67.6686 1535 444.152 -0.0291599 0.0545365 0.21389
220 22 274.988 2.57051 1535 7.00207 0.490393 -0.00287169 2.28097
221 2112 -228.936 -51.9152 1535 22.7617 -40.9658 -13.6549 238.853
222 2112 26.3422 25.4543 1535 17.3526 13.2588 6.74187 322.067
223 2112 39.743 -241.9 1535 34.6407 8.50475 -30.1265 133.758
224 22 -59.6048 -296.668 1535 10.2746 -0.533325 -1.54641 5.90488
225 22 -127.562 97.1007 1535 8.48513 -0.383432 0.153505 4.51288
226 22 136.144 45.2273 1535 170.124 0.0476469 0.0996194 1.25312
227 22 274.89 -246.194 1535 701.37 0.733303 -0.35199 2.14849
228 22 109.263 225.735 1535 1321.51 -0.0837966 3.28898 8.664
229 22 -297.16 -290.536 1535 150.791 -0.973346 -0.282759 4.31734
230 22 162.424 -163.452 1535 6.75829 0.809264 -0.904177 7.55193
231 2112 -53.4936 -57.2614 1535 35.9113 -17.4399 10.8919 129.505
232 2112 19.3616 199.373 1535 21.1023 3.82991 54.0274 251.293
233 2112 158.103 -112.032 1535 16.7106 27.9606 -20.125 337.866
234 22 -167.971 202.324 1535 7.24446 -0.0011723 0.0183937 0.075142
235 2112 -42.828 -25.1519 1535 32.4527 -0.50199 -4.7564 156.371
236 22 -11.4926 99.9015 1535 6.93552 0.0633624 0.393943 7.7852
237 22 19.241 172.597 1535 9.28757 -0.00180156 0.00283606 0.0254102
238 2112 217.912 172.357 1535 1356.71 0.662662 0.132355 3.77302
239 22 179.75 12.747 1535 7.24536 0.30299 0.187447 4.41429
240 22 23.5089 61.5334 1535 206.086 0.24148 0.437602 4.25857
241 22 289.031 136.109 1535 29.5499 0.0143035 0.00223171 0.0622951
242 22 88.9088 202.381 1535 8.26824 0.578651 0.486015 6.38492
243 2112 108.018 120.103 1535 19.2642 24.2796 15.6644 282.616
244 2112 -53.833 253.912 1535 21.3778 -11.7341 48.0711 249.416
245 2112 66.3567 -98.4903 1535 21.3376 17.5266 -23.0956 258.287
246 22 -254.991 -283.977 1535 313.394 -0.97244 -0.0916851 4.33651
247 2112 160.068 -131.993 1535 28.7902 0.547515 -13.1796 190.328
248 22 -74.4612 -253.635 1535 7.06429 -0.262037 -0.714091 4.45472
249 2112 -147.813 -50.6373 1535 16.1168 -28.4778 -10.2517 352.981
250 2112 -59.5425 -75.9812 1535 16.5776 -17.2155 -16.9743 346.798
251 22 107.834 64.7695 1535 6.57103 -0.0237356 0.219492 0.832851
252 2112 31.4322 121.544 1535 17.0202 18.8652 41.0482 326.169
253 2112 -194.782 -24.2989 1535 32.4028 -17.1622 -3.19449 155.408
254 2112 -145.434 -219.462 1535 16.146 -23.0971 -52.3507 349.509
255 2112 271.821 -31.4518 1535 20.6777 50.3894 -8.81381 259.376
256 2112 -288.031 -228.976 1535 63.8524 -11.0722 -1.76559 69.5785
257 2112 -137.06 167.45 1535 42.0241 -12.2044 16.5509 119.616
258 22 284.906 -20.0639 1535 6.51804 0.84415 -0.218709 5.65863
259 22 -120.161 -247.28 1535 7.08059 -0.363634 -1.18599 6.26236
260 22 263.218 9.93002 1535 7.32447 0.00706251 -0.00324058 0.0297232
261 22 -195.079 -92.1461 1535 7.07622 -0.559486 -0.239155 4.48845
262 22 96.8888 241.48 1535 6.64192 0.766617 1.4931 8.43991
263 2112 192.982 -177.345 1535 26.7027 20.3944 -21.0966 194.191
264 2112 -9.25241 -154.624 1535 26.4069 -8.54149 -27.0329 197.127
265 2112 51.4129 194.537 1535 17.4765 8.78875 50.152 318.533
266 22 -6.36902 248.781 1535 6.8306 -0.258621 1.1028 6.1809
267 22 176.192 -22.9958 1535 69.2964 0.191354 0.243838 2.8801
268 2112 -273.391 -56.7144 1535 20.2763 -74.0561 -9.7061 264.733
269 2112 -121.736 186.288 1535 18.8771 -22.9466 33.0466 289.996
270 22 34.583 143.221 1535 6.85589 0.00774324 0.030876 0.338028
271 22 -241.564 -63.423 1535 11.8377 -0.0494216 0.0558686 0.660309
272 2112 -72.3157 227.349 1535 125234 -0.00183 0.0030778 0.0387788
273 2112 50.4646 -5.56484 1535 20.5749 15.8913 3.07669 263.023
274 22 188.626 -164.33 1535 8.04442 0.00392476 -0.00560315 0.0316906
275 2112 -148.148 -107.688 1535 26.6011 -4.49868 -22.3517 197.8
276 2112 -42.5472 124.734 1535 19.0222 -0.978071 26.0991 293.979
277 22 -28.9624 269.08 1535 6.558 0.0340941 0.655917 4.39706
278 22 -150.271 -148.702 1535 6.9376 -0.640092 -0.479163 5.35849
279 2112 131.892 -237.747 1535 34.6352 22.1366 -37.8846 136.061
280 22 274.498 -52.4743 1535 14.3768 0.675001 0.334675 2.65376
281 22 119.714 -154.834 1535 6.86748 0.216606 -0.238719 2.03817
282 2112 -158.605 73.4806 1535 230.235 -5.05673 0.592697 17.8653
283 22 -165.398 277.328 1535 7.31837 -0.0409042 0.0907483 0.48687
284 2112 -80.5524 296.777 1535 17.0058 -26.0346 76.7234 329.513
285 22 -296.526 -3.84623 1535 356.703 -0.782919 -0.131939 2.03264
286 22 -181.66 -71.1399 1535 6.89073 -1.16576 -0.513216 7.77442
287 22 4.64665 -118.3 1535 6.93285 0.00931009 -0.0595052 0.743148
288 22 -131.115 82.2028 1535 24.6577 -0.885042 1.19962 4.58723
289 22 110.132 151.486 1535 401.452 0.0255367 0.0207108 0.139252
290 22 6.00685 196.038 1535 7.53986 -0.00432688 0.00486586 0.119093
291 22 -155.534 47.235 1535 6.67793 -0.0433369 0.14652 3.13173
292 22 -141.776 -26.094 1535 7.00688 -0.228387 -0.144777 1.35449
293 2112 -72.3268 -73.404 1535 23.4229 -6.69422 -17.0044 224.746
294 2112 -63.4688 280.971 1535 363.339 -1.25658 3.97742 10.3071
295 2112 -0.649767 -141.438 1535 36.9458 1.0565 -13.0956 134.788
296 22 -17.7814 -18.7693 1535 277.199 -0.213557 0.216135 4.43169
297 22 141.509 -23.4701 1535 10.3723 0.00599596 0.0534344 1.96655
298 2112 280.235 -240.193 1535 23.4753 47.6483 -38.3328 223.236
299 2112 -124.232 -86.5884 1535 43.5927 -7.95118 -12.2283 113.364
300 22 -197.695 210.304 1535 6.93834 -0.741796 0.603342 4.80123
301 22 -282.595 266.23 1535 9.07725 -0.00318454 0.0034351 0.0337645
302 22 -195.877 60.0077 1535 7.54291 -0.0857414 0.0270491 0.23854
303 2212 -114.754 133.45 1535 20.1783 -10.1746 26.1301 259.081
304 2112 -3.2174 -240.106 1535 17.2832 7.21388 -47.9593 322.711
305 22 73.2848 -18.5409 1535 6.6987 0.140535 -0.0455998 3.40925
306 2112 -272.722 -10.8905 1535 194.05 -0.81854 -0.0633368 26.3803
307 22 243.999 -149.494 1535 9.80165 1.15751 0.184128 4.47707
308 22 -261.398 156.825 1535 6.40164 -0.883928 0.422558 6.0521
309 22 -63.9504 -45.0797 1535 6.57425 -0.285462 -0.306261 4.42795
310 22 175.706 53.037 1535 290.58 1.17213 1.48858 9.07279
311 11 -89.0058 -148.102 1535 141.294 -0.479859 0.482144 4.35817
312 2112 265.179 -26.0202 1535 19.3545 68.2629 6.82964 281.053
313 22 -124.931 -175.227 1535 7.02115 -0.127127 -0.0896504 1.01956
314 2112 -89.2145 -146.29 1535 27.0034 -10.0034 -23.7719 191.56
315 2112 -32.9955 -197.002 1535 29.639 -10.6237 -26.8535 172.844
316 2112 -57.4166 47.5166 1535 17.5756 9.30065 -4.5116 323.312
317 22 -213.377 -176.662 1535 15.5318 -0.385868 0.0139318 1.4747
318 22 282.024 157.399 1535 6.70822 0.87682 0.840931 6.63436
319 2112 -40.8205 -99.4039 1535 17.5456 -9.48429 -33.2762 318.478
320 2112 147.755 154.952 1535 16.598 13.2675 61.9307 345.819
321 22 76.9713 83.1878 1535 6.76042 0.222589 0.305551 4.65287
322 2112 -188.882 -119.742 1535 28.9108 -20.5259 -13.0174 175.998
323 22 244.829 -227.683 1535 8.25003 0.302166 -0.144038 1.11516
324 22 282.723 21.5146 1535 11.9107 1.61728 0.532141 6.59136
325 2112 -248.914 291.749 1535 22.8886 -44.0986 44.8082 232.985
326 2112 -222.109 -297.727 1535 32.5793 -20.5156 -29.4845 154.486
327 2112 40.6879 259.161 1535 19.1918 16.5841 50.662 284.519
328 22 80.4115 286.399 1535 7.049 0.02647 0.0239777 0.322361
329 22 26.6873 -33.5578 1535 29.5313 -1.98934 -3.17013 5.53195
330 22 159.307 39.6157 1535 7.04978 0.428938 0.0320147 4.06564
331 22 200.804 120.227 1535 8.95836 0.0269036 0.122878 0.458323
332 22 286.339 -174.815 1535 7.01881 0.186347 -0.101084 1.03486
333 2112 -180.181 298.188 1535 24.5052 -25.7558 35.6174 213.275
334 2112 259.02 -244.655 1535 22.8467 32.138 -33.3423 236.544
335 22 61.4619 22.7922 1535 7.14129 0.0176233 -0.000153895 0.105228
336 22 -235.501 -161.922 1535 6.6975 -1.0035 -0.423 4.89164
337 22 -172.858 113.565 1535 7.15558 -0.0670445 0.055525 1.47235
338 22 -47.763 40.7365 1535 7.57518 -0.0544849 0.0537675 0.256402
339 22 181.075 240.41 1535 6.99248 0.265345 0.381227 2.10695
340 2112 -111.315 106.396 1535 16.9832 -36.1194 21.2592 330.998
341 22 14.5396 -93.4863 1535 7.19629 -0.000854467 -0.00365893 0.0977288
342 2112 -209.497 0.0876355 1535 20.9813 -21.1491 -11.9014 262.463
343 22 91.2273 262.21 1535 7.01616 0.400294 1.06237 5.51342
344 2112 -295.13 -212.886 1535 21.1832 -68.3869 -21.0659 257.592
345 22 -283.826 142.706 1535 7.01087 -0.122251 0.0838705 0.620476
346 22 252.246 -256.255 1535 9.9613 0.00730799 -0.00522986 0.0276366
347 2112 -162.001 -248.095 1535 37.2866 -16.2656 -25.0632 130.166
348 22 262.568 182.606 1535 7.39577 0.312326 0.386902 1.33962
349 22 -112.984 119.282 1535 8.78549 -0.00519924 0.00259369 0.0371354
350 2112 188.612 165.232 1535 25.3755 25.6221 29.2451 204.864
351 22 157.519 -130.878 1535 7.0246 0.737802 -0.632086 6.60709
352 2112 90.356 19.6513 1535 21.2405 0.420538 -13.4498 254.69
353 22 -244.915 -47.3954 1535 8.03108 -0.0112482 -0.00734332 0.0904085
354 22 -68.2083 -34.1049 1535 1371.45 -0.416091 0.128785 2.1383
355 22 -24.07 -151.104 1535 7.51741 0.00956825 -0.00657678 0.0835476
356 22 -188.204 68.5142 1535 7.1182 -0.303815 0.0895884 2.9887
357 2112 -290.854 -77.8399 1535 19.1719 -57.4232 -20.5976 284.787
358 2112 55.1437 268.186 1535 31.1416 -4.08625 29.8922 162.957
359 2212 -4.11772 -6.22288 1535 13.5481 -1.16223 -4.32126 441.807
360 22 -227.841 -253.585 1535 115.092 -0.87905 -0.671001 3.76427
361 2112 -59.7285 92.5183 1535 15.837 3.37899 16.5524 363.229
362 2112 -2.24402 299.058 1535 20.7557 -4.64759 53.8554 259.624
363 11 -148.175 -15.2173 1535 7.0712 -0.718715 0.542878 2.04823
364 22 -184.634 -251.544 1535 7.58577 -0.040631 -0.022438 0.138439
365 22 -22.4152 141.741 1535 6.72072 -0.063563 0.417435 6.36498
366 2112 -131.157 203.981 1535 16.4396 -43.394 43.2454 349.736
367 22 194.514 -216.452 1535 8.40339 -0.00642256 -0.0435134 0.22293
368 22 -70.6432 -273.041 1535 6.63575 -0.0509145 -0.488083 3.21773
369 22 -286.496 243.921 1535 7.12743 -0.201738 0.113957 0.92702
370 22 -233.471 -196.857 1535 11.1373 -0.76135 -0.514569 4.3974
371 22 10.4579 24.765 1535 6.79463 0.191089 0.101859 5.64887
372 22 -29.7795 254.215 1535 7.15672 -0.178994 0.734087 4.39028
373 22 -211.22 -65.7457 1535 11.205 -0.237674 0.184539 1.75901
374 2112 -221.973 -214.121 1535 15.0298 -49.2697 -47.0037 391.437
375 2112 51.5388 -254.666 1535 27.743 8.31629 -32.2568 185.488
376 22 -259.554 99.6376 1535 6.84424 -0.778798 0.210136 4.85078
377 2112 84.8353 170.348 1535 26.2083 -2.29406 38.0608 199.629
378 22 28.8648 -210.76 1535 6.99737 0.144868 -0.0645573 1.19856
379 22 258.067 -178.509 1535 7.04874 1.11603 -0.610337 5.80027
380 22 32.2431 26.8474 1535 15360.2 0.0148491 -0.0108365 1.30208
381 22 -21.0747 -113.192 1535 6.38213 0.0365406 -0.103349 2.45974
382 2112 -106.471 -183.906 1535 24.1158 -18.1047 -24.1984 216.906
383 22 40.6449 -70.8147 1535 6.3423 0.321327 0.122575 4.90221
384 2112 -299.996 187.489 1535 26.3152 -32.1225 18.3466 203.627
385 22 181.648 193.993 1535 7.18099 0.490754 0.644553 4.43332
386 22 38.7707 -18.7558 1535 7.0304 0.00111569 -0.000241831 0.0327516
387 2112 37.5463 -119.124 1535 30.9371 5.22266 -10.8129 163.706
388 22 -288.867 278.857 1535 7.21714 -0.572307 0.349236 1.80946
389 2112 87.8969 -105.303 1535 28.2267 -11.9068 1.85472 180.645
390 2112 -222.932 10.7362 1535 17.8228 -56.7777 -8.77758 310.405
391 22 133.369 184.803 1535 106.796 0.946628 1.157 4.18457
392 2112 -156.55 -90.7077 1535 92.9023 -8.67445 7.42178 50.3672
393 22 177.081 -100.933 1535 6.94304 0.150861 -0.0754017 1.48768
394 22 265.88 269.201 1535 6.99638 0.738655 0.674724 3.75311
395 22 -256.416 -32.0606 1535 8.20496 -1.37067 -0.108043 5.99282
396 2112 -45.3938 -268.279 1535 24.0216 0.498411 -40.3579 209.806
397 22 214.006 -138.116 1535 7.71948 0.208941 -0.0839089 1.64441
398 2112 -17.2915 40.6266 1535 16.5619 -5.7299 9.21747 342.987
399 22 -136.38 108.308 1535 7.05143 -0.528379 0.281414 5.86213
400 22 -297.672 262.994 1535 1596.75 -0.200172 0.466445 2.12234
401 2112 -282.775 44.6197 1535 313.796 -0.493941 1.88678 11.662
402 2112 -115.175 145.695 1535 33.3939 -7.16032 25.6194 152.709
403 22 129.017 152.777 1535 6.98774 0.172817 0.147759 1.55178
404 22 -90.426 -166.61 1535 7.81776 -0.199178 -0.11843 2.37545
405 2112 243.802 76.0547 1535 21.6551 37.9743 13.5033 246.15
406 22 -157.603 -171.5 1535 197.792 -0.00548391 -0.00389564 0.0861894
407 22 -174.868 -250.785 1535 45.4379 -0.0802241 -0.075839 0.556929
408 22 -54.8748 -99.5567 1535 12.3798 -1.66881 0.415466 9.03839
409 22 215.178 84.0835 1535 100.123 0.279684 0.465427 2.11359
410 2112 19.9127 241.766 1535 42.6268 -8.25967 17.8509 117.522
411 22 183.414 56.1742 1535 7.09929 0.702179 0.394269 4.52763
412 22 -149.282 131.747 1535 7.91052 -0.00730536 0.00771924 0.0435377
413 2112 14.2364 -94.2035 1535 30.8087 17.5553 -16.9673 161.03
414 2112 -180.31 174.722 1535 21.8962 -32.4313 25.3247 243.702
415 22 206.556 -123.45 1535 7.01256 0.351503 -0.191273 2.89506
416 22 -223.123 -28.0952 1535 436.681 -0.0132557 0.00933388 0.044442
417 22 -112.19 245.845 1535 130.556 -0.0960433 0.528639 2.11354
418 2112 -46.0014 -214.706 1535 26.0984 -4.85538 -23.5237 199.784
419 22 -247.545 -92.766 1535 7.01736 -1.43294 -0.333718 9.43801
420 22 -29.9616 255.298 1535 8.0499 0.00364243 0.00310707 0.037621
421 2112 52.5446 -281.9 1535 20.3367 1.12986 -56.4407 266.603
422 2112 186.278 -5.14986 1535 20.2478 35.8572 1.47753 265.652
423 22 69.5801 -279.729 1535 55.6511 -0.0262175 -0.235533 0.830354
424 22 -295.977 237.418 1535 9.13272 -0.197955 -0.0148225 0.470865
425 2112 127.306 -114.509 1535 19.3767 33.1882 -18.9466 281.719
426 22 -204.353 -204.706 1535 87.1133 -0.13314 -0.0250294 0.461383
427 22 166.843 112.454 1535 227.432 0.446046 0.205898 2.12622
428 22 195.598 -139.011 1535 1841.03 2.41243 -1.42587 8.83388
429 22 -181.358 123.049 1535 7.38909 -0.612249 0.431388 4.25325
430 22 44.8496 -87.6069 1535 6.96149 0.156773 -0.3342 3.64588
431 22 -157.745 92.6618 1535 9.45633 -0.191891 0.351867 4.42725
432 22 195.559 -190.016 1535 6.47646 0.637155 -0.616039 4.36609
433 22 143.063 -9.94806 1535 82.5879 0.439295 0.38764 2.10244
434 22 283.579 -160.084 1535 6.61684 0.719267 -0.449403 4.83976
435 22 -234.678 -31.2752 1535 10.2451 -0.0209988 0.0109347 0.108149
436 2112 97.0558 -109.312 1535 17.9016 27.7196 -17.9851 308.667
437 22 -92.4646 -28.5317 1535 371.599 -0.558042 -1.10925 9.18466
438 22 -48.0699 -243.014 1535 2139.28 -0.0706115 -0.182079 1.0914
439 2112 -28.2814 -191.293 1535 27.3542 -4.02244 -19.1941 189.981
440 2112 -268.711 226.788 1535 16.5011 -52.8632 56.3219 344.88
441 22 144.664 162.757 1535 8.2715 0.0145607 0.018808 0.0606028
442 22 -250.277 133.356 1535 7.27453 -0.0484602 0.0203339 0.27599
443 2112 -31.3119 -180.954 1535 15.9492 -8.23372 -42.6454 357.595
444 22 -235.211 181.155 1535 6.90161 -0.431425 0.380572 2.97322
445 22 -87.1307 -47.1749 1535 6.93293 -0.158621 -0.0502087 2.6875
446 22 -134.234 -164.98 1535 7.07619 -0.284029 -0.525786 3.74054
447 22 -20.8123 -20.2777 1535 7.60406 -0.0251591 0.0313674 0.171403
448 22 -277.287 279.566 1535 6.65066 -0.0414631 0.0252175 0.230145
449 22 -255.771 279.842 1535 12.5143 -0.00797015 0.0196727 0.0528905
450 22 75.4176 -88.6386 1535 6.87649 0.00539175 0.00428763 0.125778
451 2112 -16.6233 -161.871 1535 19.6002 -7.64894 -41.4892 277.576
452 2112 -209.001 61.1657 1535 28.4419 -27.9206 -4.926 183.401
453 22 -270.595 -92.1226 1535 7.17204 -0.0406997 -0.0226793 0.13314
454 2112 -34.7945 4.01512 1535 18.3957 -0.866612 5.58545 298.405
455 2112 -169.031 -268.621 1535 22.7209 -30.8935 -48.4523 234.088
456 2112 -244.95 -297.019 1535 17.5189 -38.2458 -82.1689 316.184
457 2112 140.661 157.693 1535 35516 0.0164853 -0.0023737 0.146027
458 22 205.749 207.906 1535 854.114 0.325667 0.405523 2.11932
459 22 290.92 -21.8497 1535 199.924 0.0390874 0.0278982 0.156803
460 2112 28.9026 226.057 1535 20.4032 8.90928 45.5112 265.516
461 2112 110.451 228.49 1535 27.7598 38.7159 43.5354 172.122
462 22 226.604 -161.301 1535 6.82131 0.353817 -0.306503 2.5884
463 22 -228.271 -8.54971 1535 247.34 -0.694356 0.223011 2.42243
464 22 145.474 32.8829 1535 6.56549 0.337672 0.536832 3.64419
465 22 -279.963 -129.139 1535 8.39285 -0.0600349 0.00504134 0.101397
466 2112 -166.856 -8.37366 1535 24.1296 -22.8162 4.00606 216.118
467 2112 -29.3333 -124.615 1535 36.3643 -12.0183 1.23693 117.571
468 22 148.009 126.187 1535 6.7875 0.283684 0.197465 2.40684
469 22 131.59 -25.1628 1535 8.26662 0.0349855 0.0197652 0.233556
470 2112 -6.66561 -67.1134 1535 16.3095 -4.5659 -13.0587 347.155
471 22 -156.372 -205.078 1535 138.925 -0.0659516 0.0135871 0.342342
472 22 221.006 68.7067 1535 6.64495 0.00682446 0.000486784 0.141652
473 22 -116.866 -47.998 1535 200.821 -0.00213512 0.00381268 0.0474908
474 22 135.28 -138.883 1535 6.96302 0.192874 -0.186149 2.36057
475 22 196.493 2.5841 1535 7.42577 0.00768724 0.000262972 0.0874215
476 22 105.766 101.547 1535 6.8167 0.45744 0.630648 6.67037
477 22 -162.387 7.58205 1535 7.21313 -0.0293675 0.00218278 0.270993
478 22 135.018 -228.318 1535 2189.83 -0.0188721 -0.0154454 0.220636
479 2112 134.562 49.0661 1535 16.7341 34.1012 13.1881 336.625
480 22 -254.941 -160.827 1535 6.41789 -0.534207 -0.323495 3.43857
481 2112 98.3342 236.803 1535 20.3409 -2.20935 73.2563 265.509
482 22 81.2413 -245.515 1535 7.13643 0.320763 -0.76295 4.45197
483 22 80.0128 -268.518 1535 112.595 -0.0169881 -0.0894197 2.18031
484 11 133.119 234.194 1535 538.545 0.0449684 0.244903 1.00156
485 22 -296.451 -146.865 1535 7.51797 -0.108089 0.0108183 0.364338
486 22 -37.4043 95.5249 1535 9098.87 -0.153143 0.0305472 1.8852
487 2112 231.57 -123.669 1535 15.8782 62.2219 -27.1794 362.075
488 22 146.91 179.164 1535 6.47173 0.524637 0.649105 4.71594
489 22 59.99 -79.4394 1535 448.951 -0.0267088 -0.0187613 0.446086
490 22 115.818 -264.839 1535 7.26813 0.0309601 -0.109118 0.498251
491 22 270.55 -192.817 1535 15.5703 0.178225 -0.34676 1.8648
492 22 109.781 196.349 1535 7.5105 -0.0235565 0.0544415 0.187454
493 22 266.09 239.164 1535 6.8488 0.558926 0.554123 3.08096
494 22 141.117 -278.396 1535 6.89782 0.146905 -0.207045 1.28012
495 2112 -286.224 181.053 1535 25.2912 -46.3221 21.1251 208.18
496 11 -65.8565 86.9125 1535 54.4912 0.566064 -0.339281 5.60618
497 2112 100.299 5.19285 1535 20.7299 23.4726 -1.11876 259.382
498 22 214.876 -100.604 1535 7.11483 0.0484726 -0.00525531 0.324983
499 2112 -284.899 211.453 1535 23.071 -42.6394 42.6853 231.304
500 22 11.8501 -166.348 1535 7.36188 -0.127176 -0.080112 1.00494
501 2112 286.665 -186.81 1535 54.2824 20.5716 -14.4175 90.8824
502 22 -53.5798 219.495 1535 7.24736 -0.0582689 0.10926 0.538327
503 22 282.015 136.625 1535 7.24914 0.115807 0.229559 0.92721
504 22 125.869 -48.2645 1535 7.1797 0.17673 -0.106264 3.15557
505 2112 -83.3433 -77.4439 1535 26.9622 -33.9298 -29.4329 183.084
506 2112 186.939 -59.3902 1535 51.6972 14.793 15.1404 98.5202
507 22 53.2152 -294.613 1535 6.50239 0.0864205 -0.383062 2.23448
508 22 -18.3794 -124.811 1535 6.9128 -0.260355 -0.0506305 3.90099
509 22 -19.7917 176.575 1535 121.803 0.599297 0.949215 4.69239
510 22 270.17 102.511 1535 8.43082 0.0028835 -0.0041357 0.149702
511 22 159.796 232.801 1535 6.93724 0.469804 0.51129 4.43822
512 22 220.85 -59.817 1535 7.15525 0.775481 -0.10257 3.60808
513 22 193.933 -94.8937 1535 9.88866 1.07365 -0.716029 4.73228
514 22 135.539 -223.301 1535 13.7337 0.00428197 -0.00597154 0.0241661
515 22 -121.221 194.008 1535 82.5494 -0.337186 0.539465 4.39902
516 22 217.168 -26.1455 1535 6.91323 1.07514 -0.0436209 8.5948
517 2112 -234.571 -63.2608 1535 20.3354 -47.2471 12.9065 271.636
518 22 188.212 185.159 1535 6.86127 0.626765 0.620326 5.62503
519 22 -263.849 207.786 1535 6.86565 -0.765654 0.503698 4.71919
520 2112 -78.5021 -123.08 1535 19.5196 -9.01456 -1.55105 277.72
521 22 -98.3944 -127.112 1535 6.92877 -0.120279 -0.109545 1.64781
522 22 132.861 -288.131 1535 7.12117 0.477032 -0.944004 4.38872
523 22 94.9456 -53.1405 1535 7.05679 0.0179269 0.000282433 0.974028
524 2112 160.231 77.8984 1535 22.7128 23.9467 22.8242 242.658
525 22 141.436 127.552 1535 7.62728 0.267518 0.0988865 1.6894
526 22 -106.773 -87.3891 1535 7.36992 -0.0087975 -0.0150932 0.133182
527 22 -80.5182 201.835 1535 11.1681 -0.0100057 0.0510445 0.296689
528 22 -237.745 203.46 1535 377.164 -0.397146 0.369121 2.1138
529 22 224.455 106.394 1535 6.52257 0.021467 0.0013516 0.13027
530 2112 137.496 130.079 1535 16.1203 41.3228 35.3622 351.932
531 2112 175.807 47.9119 1535 18.5933 41.0838 10.6164 295.392
532 22 -119.65 -154.354 1535 7.39589 -0.0350142 -0.103933 0.4711
533 2112 2.11068 -146.152 1535 17.4359 -0.0717921 -25.9929 319.802
534 2112 91.5626 -65.2564 1535 52.9897 6.77158 -8.07894 92.0361
535 22 -65.543 55.429 1535 6.6993 0.00692487 0.0252852 0.310553
536 22 65.6149 -128.356 1535 479.957 0.0791871 0.0221487 0.496083
537 22 -143.426 -284.817 1535 479.497 -0.100026 -0.175302 0.90748
538 2112 -131.846 -104.402 1535 15.0765 -27.6642 -22.5463 384.855
539 2112 -261.74 -68.9989 1535 19.0546 -50.6631 -18.0992 286.748
540 2112 -78.5089 -23.8557 1535 33.6415 -17.3311 -7.46 148.362
541 2112 147.267 215.308 1535 22.196 33.5485 50.4743 238.067
542 22 214.179 -180.827 1535 6.78856 0.725165 -0.628158 5.71854
543 2112 152.421 -14.6839 1535 19.0707 35.5963 -0.616263 286.664
544 22 -243.371 132.409 1535 7.16838 -0.0979986 0.022554 0.616144
545 22 -165.702 266.706 1535 7.45346 -0.0412966 0.0535327 0.160616
546 2112 -178.453 164.6 1535 21.3329 -11.9707 9.85541 255.255
547 22 -160.086 -13.4775 1535 360.798 -0.154571 -0.0498479 0.536288
548 22 -276.516 -246.875 1535 6.95161 -0.188466 -0.198715 1.36325
549 2112 167.294 216.709 1535 37.7273 13.4288 37.435 130.263
550 2112 145.432 -230.119 1535 43.6004 12.5985 -19.6768 113.647
551 22 166.628 -35.9041 1535 6.41245 0.303693 -0.0933114 2.29376
552 22 -286.489 238.44 1535 7.13719 -0.0489085 0.0455142 0.282052
553 2112 86.3484 -259.977 1535 31.0632 5.89125 -29.4111 155.889
554 2112 165.178 -162.834 1535 18.578 28.9387 -45.5668 294.881
555 22 1.73119 -227.694 1535 11.3624 -0.00383586 -0.00187588 0.050471
556 2112 86.3937 -133.662 1535 25.8387 26.807 -12.6188 203.808
557 22 -49.5831 -37.8593 1535 11.9513 0.0171545 -0.0572368 0.409579
558 2112 -189.274 -201.935 1535 24.4742 -34.6458 -9.60191 208.184
559 2112 -131.683 -142.046 1535 32.0288 -17.1715 -25.542 150.047
560 22 219.608 9.84926 1535 7.42451 0.194701 0.0256399 0.586085
561 2112 -197.059 123.311 1535 17.8559 -45.5199 3.39727 313.971
562 2112 16.1958 99.1856 1535 19.3272 33.988 36.3929 276.142
563 22 111.405 -32.8603 1535 6725.3 0.19802 0.0619486 4.43851
564 22 233.683 97.1091 1535 711.579 1.09531 0.68326 4.25235
565 22 -220.451 -29.5496 1535 7.13416 -1.11635 -0.37404 8.03553
566 11 -137.98 257.997 1535 6.70429 -0.651586 0.622568 5.31182
567 22 17.5974 -152.033 1535 6.86667 0.137881 -0.482497 4.07512
568 22 195.681 201.175 1535 7.35814 0.000879402 0.0769074 0.310149
569 22 229.278 6.6771 1535 7.04146 0.526188 -0.0871455 3.71521
570 22 -231.748 -51.4328 1535 6.28767 -0.680099 -0.076108 5.60279
571 2112 -51.158 195.493 1535 18.6685 -2.79983 40.8174 293.14
572 22 -294.365 -32.5229 1535 6.8005 -0.785737 -0.188609 3.99893
573 2112 -132.516 -87.0451 1535 21.0903 -16.0886 -12.1529 255.949
574 2112 52.8591 -114.101 1535 22.171 18.2487 -36.1808 241.997
575 22 -152.922 75.2471 1535 289.042 -0.0429247 0.0402008 0.174098
576 2112 204.814 240.56 1535 16.997 42.4741 54.1935 334.728
577 2112 30.334 -191.295 1535 31.9753 -8.76081 -24.7813 144.459
578 22 8.38218 -77.211 1535 24.6548 -0.00244458 -5.55483e-05 0.0597546
579 2112 81.0608 167.578 1535 21.6296 8.04216 29.747 247.73
580 2112 85.2407 104.196 1535 19.0446 2.11408 15.2722 288.607
581 22 94.7065 9.41639 1535 9.29966 0.217829 -0.0528932 1.97937
582 22 -29.8513 161.916 1535 10.3651 0.0305942 1.02043 5.99517
583 2112 -47.1258 -177.843 1535 17.6673 -10.9734 -33.3893 314.478
584 22 260.324 -209.099 1535 7.05391 0.913391 -0.848436 5.17341
585 22 -265.962 161.375 1535 6.44891 -0.169007 0.0590944 1.39708
586 22 159.676 130.274 1535 155.322 0.69403 1.02505 4.26627
587 22 -37.5709 -36.4648 1535 7.46029 -0.000523186 0.0145926 0.081575
588 22 -151.159 -290.681 1535 7.16369 -0.853733 -1.85939 9.64169
589 2112 128.833 -2.32955 1535 25.2687 12.774 6.13679 206.737
590 22 138.74 -133.363 1535 10.2778 0.668308 -0.367017 3.06324
591 2112 82.4908 -136.732 1535 20.565 17.0975 -30.3199 261.041
592 22 69.404 -103.759 1535 7.05991 0.404021 -0.0596741 3.5557
593 2112 -25.2337 165.3 1535 37.2296 -5.28883 13.6875 133.513
594 2112 -182.598 -281.321 1535 45.3777 -12.0979 -2.23761 106.587
595 22 -44.5948 192.936 1535 6.45539 0.00754763 0.649037 4.85992
596 22 -83.4399 54.8965 1535 6.83927 -0.274012 0.058234 4.03582
597 22 -287.659 117.509 1535 103.257 -0.372698 0.0806563 0.945134
598 2112 22.6744 -33.2153 1535 17.2914 2.55782 -30.1719 325.326
599 22 -190.035 27.5733 1535 7.10607 -0.782068 0.000147458 5.54813
600 2112 153.985 3.96255 1535 22.7793 65.0875 1.4574 211.637
601 2112 -245.02 84.9256 1535 3877.57 -0.0202574 0.127054 1.25886
602 2112 156.706 275.781 1535 18.6246 34.906 60.9745 295.458
603 22 186.2 26.9784 1535 189.592 0.0602313 0.0424812 0.37644
604 22 147.185 -91.5709 1535 6.63136 0.637097 -0.444511 5.39603
605 11 -23.7779 -61.3666 1535 7.02852 -0.146701 -0.0372614 2.10225
606 22 230.428 -174.111 1535 7.80033 0.00607077 -0.00750372 0.0537343
607 22 -228.746 -131.524 1535 96.3661 -0.0210997 -0.0506786 0.271027
608 22 -140.844 -201.065 1535 6.5293 -0.729442 -0.728756 6.08869
609 2112 163.013 187.234 1535 13520.7 0.0254768 0.00950444 0.371258
610 22 -266.583 -65.3503 1535 7.05079 -0.209191 -0.0145069 1.42258
611 22 -144.559 178.727 1535 8.06912 -0.0177639 -0.00562157 0.174962
612 2112 -41.9256 -107.282 1535 26.3472 -10.0885 -17.4946 203.672
613 22 84.3865 -285.587 1535 6.78808 0.219677 -0.589691 3.38575
614 22 31.753 152.39 1535 236.274 0.0263065 0.09253 0.380595
615 2112 86.0419 -231.398 1535 27.9002 24.9333 -21.7995 187.312
616 2112 -125.748 126.11 1535 20.9365 -17.206 7.8338 261.116
617 2112 290.356 -68.0305 1535 19.7471 58.5934 -15.2183 282.267
618 2112 58.2382 267.708 1535 45.0209 -12.5012 17.8607 112.461
619 22 -189.171 100.152 1535 118.896 -0.39461 0.293901 2.12625
620 22 21.1334 202.509 1535 6.51033 0.0311541 0.364415 1.93512
621 22 290.517 10.3644 1535 7.69103 2.00172 0.345087 9.1548
622 22 173.879 -105.486 1535 6.83003 0.449261 -0.167976 4.05284
623 22 -54.6669 253.1 1535 106.985 -0.0308553 0.0378165 0.160471
624 22 -234.705 -233.031 1535 6.46632 -1.12646 -1.53786 9.01448
625 2112 66.6595 -286.111 1535 45.8907 23.4509 -2.13733 109.67
626 22 -231.8 285.378 1535 6.92874 -0.682071 0.791386 4.16502
627 2112 12.2782 -213.639 1535 30.5877 2.14505 -25.8986 165.35
628 22 -147.248 248.367 1535 6.42925 -0.427789 0.834928 4.5773
629 2112 -277.244 -42.2088 1535 40.3186 -30.8236 -6.73897 124.134
630 2112 -279.527 264.824 1535 19.0385 -58.6369 42.8318 287.502
631 22 9.47235 124.51 1535 7.68471 -0.0117053 -0.00605684 0.316083
632 22 286.264 160.598 1535 629.315 0.573637 0.413365 2.42834
633 22 192.482 -139.868 1535 208.837 1.30167 -0.790303 4.17475
634 2112 11.2231 -97.7071 1535 29.4044 -10.7306 -8.95088 173.662
635 22 -44.3627 -251.049 1535 1187.96 0.191003 -0.104924 2.1713
636 22 177.587 -140.564 1535 7.17755 0.412352 -0.476067 3.83873
637 22 -68.3299 99.18 1535 7.48716 -0.0587316 0.0576276 0.25809
638 2112 -94.7974 77.985 1535 19.5387 -27.2213 -0.880023 279.355
639 22 30.158 -236.124 1535 8.81888 0.00732391 -0.0202326 0.0799913
640 22 -119.081 -229.495 1535 725.555 -0.196832 -0.346531 2.26204
641 2112 142.655 221.143 1535 18.6732 34.4975 52.7781 295.552
642 2112 237.571 141.901 1535 21.1942 33.0472 20.9735 253.691
643 22 -104.381 -290.295 1535 6.94256 -0.145256 -0.393836 2.16236
644 2112 -290.323 -98.757 1535 22.5205 -39.3091 -30.9419 243.155
645 2112 185.902 171.933 1535 16.876 54.044 28.2261 334.333
646 2112 235.663 17.2965 1535 16.5674 58.381 3.65199 341.638
647 2112 -101.312 -159.578 1535 68.1511 -9.86722 -5.70716 74.6
648 2112 34.0755 16.9651 1535 15.2312 13.5645 1.42943 379.478
649 22 204.811 275.872 1535 6.81839 0.892372 1.21277 6.86717
650 2112 -117.113 221.844 1535 25.4057 -33.1883 22.3426 205.93
651 22 205.465 81.271 1535 6.95148 0.178721 0.406415 2.89538
652 22 179.806 -171.341 1535 9.05157 0.435166 -0.607226 6.47857
653 22 138.611 226.289 1535 9.00673 0.295088 0.874383 4.38572
654 22 297.712 184.694 1535 6.87007 1.96319 0.9353 9.57474
655 22 -195.788 -178.833 1535 41.3332 0.00213618 0.126277 2.17912
656 22 -215.625 -16.7198 1535 7.48322 -0.00898459 -0.00527049 0.0673703
657 22 -34.1343 -167.418 1535 201.584 -0.102406 -0.320032 1.48173
658 2112 -145.898 -52.3652 1535 21.1487 -37.785 -10.9351 254.83
659 22 138.706 -215.228 1535 6.55336 0.358591 -0.360957 2.9291
660 22 8.34951 -20.8653 1535 7.73751 0.0914048 -0.0202407 3.71055
661 22 -235.989 -177.423 1535 609.733 -1.32189 -0.619687 4.59922
662 22 193.397 -233.424 1535 265.178 0.203673 -0.0948085 1.06446
663 22 35.911 258.171 1535 6.46215 -0.0593365 0.271916 1.75358
664 22 -183.151 109.964 1535 6.95846 -0.14965 0.0746512 0.949916
665 2112 -8.22234 -118.683 1535 35.5221 -0.799707 -12.8658 142.847
666 22 -213.091 -232.694 1535 6.65595 -0.620626 -0.927359 5.25069
667 22 -14.2638 60.7958 1535 96.1757 0.0184902 0.0143353 0.121915
668 22 -144.028 -191.347 1535 706.411 -0.0976032 -0.0493471 0.396722
669 22 64.6701 -113.625 1535 8.09371 0.0291526 -0.0448746 0.276472
670 22 -166.831 -147.758 1535 7.09399 -0.337173 -0.3787 2.57235
671 2112 23.2957 -128.405 1535 15.9126 12.0524 -28.7067 358.902
672 2112 240.145 -222.245 1535 17.8365 58.5684 -43.5485 310.657
673 2112 -11.6917 -48.8178 1535 17.1847 -21.7332 0.649486 327.958
674 2112 -170.423 -233.825 1535 36.0901 -18.3967 -35.3699 135.669
675 2112 -104.603 36.4312 1535 16.7868 -27.3425 3.30732 335.199
676 22 -141.478 128.627 1535 7.97017 -0.217146 0.172801 3.75436
677 2112 170.351 193.034 1535 39.3644 20.3828 15.5941 126.332
678 2112 -223.057 -123.077 1535 314.312 -0.00449437 -1.47848 16.7534
679 22 196.934 83.3339 1535 373.624 1.02244 0.79059 4.24992
680 2112 172.493 -18.9486 1535 14.9867 42.3605 2.49148 387.842
681 2112 -274.616 180.207 1535 18.4909 -51.2458 35.4338 297.943
682 22 173.798 -78.033 1535 9.17556 0.577619 -0.500186 4.35811
683 22 -159.688 -228.446 1535 7.09243 -0.926608 -1.45759 8.68377
684 2112 55.3019 -146.35 1535 18.5743 16.6591 -26.5131 295.076
685 22 -210.149 82.8077 1535 6.9154 -1.0219 0.522958 7.83224
686 22 -124.003 -298.398 1535 7.2071 -0.670656 -1.63615 6.8388
687 22 -275.321 89.3943 1535 10.241 -0.00543845 -0.00123479 0.0401339
688 22 -226.279 -150.823 1535 6.82843 -0.0822091 -0.0715855 0.499236
689 22 216.174 -109.988 1535 6.90676 0.723617 -0.415847 5.80557
690 22 140.825 -22.4842 1535 290.402 0.17772 0.0215434 2.17485
691 2112 267.263 9.83511 1535 28.2053 29.8065 8.09797 189.026
692 2112 107.893 -221.663 1535 21.9239 20.9605 -30.1789 243.506
693 22 226.068 -136.987 1535 3386.6 0.200109 0.063737 1.94678
694 22 -116.689 130.44 1535 419.449 0.104878 0.345556 2.15218
695 22 71.0729 -33.1849 1535 10.6946 0.00424784 0.00669871 0.153137
696 2112 257.322 -13.3345 1535 17.4856 53.7242 -6.62139 321.156
697 22 -137.465 211.119 1535 6.99332 -0.723879 1.60847 6.84037
698 11 -142.393 -71.1326 1535 7.09542 -0.431947 -0.199113 1.88344
699 2112 -288.461 -95.1312 1535 53.7959 -24.1726 13.2149 91.1708
700 22 -251.368 69.5155 1535 7.10469 -0.0949602 0.0745669 0.650846
701 2112 133.412 180.881 1535 42.7017 16.0448 8.42738 120.254
702 2112 179.144 153.312 1535 17.7936 47.4932 41.7859 312.147
703 2112 -235.526 5.06177 1535 16.8364 -53.8199 19.9266 336.255
704 22 -154.077 23.0157 1535 256.258 -1.04506 0.454593 4.68918
705 22 -236.904 -45.0455 1535 7.90341 -0.00051892 -0.0298896 0.321569
706 2112 -36.3752 -260.293 1535 15.7873 -5.98431 -58.8516 362.697
707 22 32.9446 -104.366 1535 6.961 -0.0422594 -0.371129 4.47471
708 2112 245.686 -273.227 1535 17.9878 44.5982 -92.3424 300.81
709 22 -148.26 232.044 1535 81.4474 -1.15442 1.30049 4.09005
710 2112 96.1144 -162.781 1535 15.4502 23.1247 -53.0276 371.547
711 22 -198.386 -41.3167 1535 6.58791 -0.323709 0.269255 3.31446
712 22 71.9898 100.154 1535 123.418 0.00642766 0.0732445 0.505682
713 2112 246.91 273.733 1535 23.9686 37.9509 44.8844 219.417
714 22 135.264 -75.7595 1535 7.0434 0.534184 -0.27716 5.32856
715 22 -6.2358 132.742 1535 6.71865 -0.00372451 0.222235 2.02621
716 22 -285.261 -73.9055 1535 8.51851 0.000723442 -0.00510742 0.0536143
717 22 -264.58 85.2687 1535 7.05766 -0.0394639 0.00202448 0.74584
718 2112 -243.141 115.327 1535 17.9442 -51.4535 18.7631 307.811
719 22 4.39442 -276.802 1535 6.95165 -0.0728778 -0.752376 4.39231
720 22 36.5965 290.409 1535 7.03818 -0.0108309 0.0477494 0.128027
721 22 86.8315 -210.825 1535 7.08164 0.088047 -0.132123 1.02941
722 22 -118.025 171.759 1535 7.84575 -0.0120346 0.00767645 0.0481526
723 22 -292.85 93.9437 1535 7.23952 -0.685218 0.0966792 3.01282
724 2112 -13.7601 -261.794 1535 111.325 4.55495 -1.86735 37.2455
725 22 125.945 90.9463 1535 782.193 -0.0370119 0.522538 2.1184
726 2112 -276.066 249.534 1535 29.3344 -32.4001 30.5165 174.736
727 22 -2.04572 298.807 1535 6.76257 -0.00916358 0.835405 5.10258
728 22 -257.765 297.579 1535 7.67545 -1.62169 1.42028 7.11709
729 22 38.5345 219.82 1535 7.15628 -0.0262624 0.675158 4.40557
730 22 -247.832 185.053 1535 7.44129 -0.0114321 0.0120722 0.0362215
731 2112 -118.765 -100.968 1535 15.783 -35.0399 -15.4242 362.762
732 22 76.0954 -239.712 1535 86.7132 -0.0031118 -0.0254403 0.0994348
733 22 121.239 -181.715 1535 86.1231 0.0309918 -0.0381556 0.238491
734 22 -246.878 73.3374 1535 129.481 -0.0525584 0.280664 1.01139
735 22 269.182 -252.395 1535 4433.96 1.31085 -0.242684 4.23993
736 2112 -288.429 134 1535 15.5215 -66.146 25.1083 371.106
737 22 243.485 167.739 1535 9.45008 1.04732 0.674574 9.91472
738 22 -164.173 151.36 1535 7.18892 -0.968187 0.847644 7.0416
739 2112 -292.994 81.6661 1535 32.9579 -21.9057 4.76263 154.705
740 22 52.0126 159.003 1535 6.76397 -0.0817503 0.168982 2.09863
741 22 -17.6855 186.408 1535 6.82658 0.0883531 0.650032 5.28469
742 22 178.869 145.494 1535 6.9246 0.965879 0.884808 7.89593
743 22 -143.233 191.148 1535 6.84503 -0.887572 0.849262 7.77323
744 2112 -41.7365 204.331 1535 19.1925 -12.2581 45.3056 285.406
745 22 86.4802 -222.953 1535 1828.05 0.00723585 -0.0112301 0.0444932
746 2112 -109.85 4.50779 1535 18.1737 -25.809 -0.987901 302.83
747 2112 -226.92 228.41 1535 20.8776 -21.8721 35.1347 262.004
748 22 174.102 -249.083 1535 6.43978 0.702332 -0.897926 5.18633
749 2112 181.232 -183.905 1535 16.0265 46.3826 -46.135 355.883
750 22 -1.13035 14.8097 1535 7.02558 0.0896969 0.0838336 9.814
751 2112 30.3245 -53.514 1535 17.5929 5.13569 -12.1702 315.113
752 22 -186.055 -94.1346 1535 369.346 -0.0192156 -0.0252574 0.153382
753 22 23.3215 -238.541 1535 7.0515 0.0175795 -0.32159 1.7209
754 2112 122.977 -130.62 1535 19.9391 23.7801 -30.4218 273.361
755 22 53.3108 -63.2895 1535 6.85625 0.326821 -0.341799 3.69631
756 22 193.932 -86.0991 1535 6.93045 0.677667 -0.230079 4.40481
757 2112 -231.502 -242.06 1535 16.851 -49.6961 -56.9609 334.596
758 22 181.907 -19.2015 1535 377.939 0.845563 0.20729 4.356
759 22 1.63321 -90.7125 1535 6.35203 -0.290232 -0.52767 7.31472
760 22 -54.9329 -22.8173 1535 7.03428 -0.128745 0.130015 1.41326
761 22 -77.4295 -267.151 1535 7.32742 -0.0525835 -0.378347 2.39934
762 22 29.0465 66.5897 1535 134.013 -0.25809 1.0888 4.30191
763 22 67.7641 -229.508 1535 307.81 0.0203428 -0.0393441 0.161196
764 2112 206.021 294.577 1535 69.1601 4.67471 9.52414 80.1622
765 2112 244.894 -166.154 1535 17.6882 48.3734 -33.9123 313.658
766 22 37.3235 -94.2325 1535 474.666 -0.222021 0.0734875 4.4366
767 22 -223.731 -264.284 1535 146.419 -0.0172478 -0.00765129 0.175565
768 22 32.9219 192.61 1535 6.90084 0.00139138 0.0011398 0.096672
769 22 -155.359 -285.741 1535 7.27215 -0.00695683 -0.0178182 0.11561
770 2112 25.26 -40.1386 1535 24.454 5.45295 -6.76093 215.524
771 2112 -56.1804 -217.766 1535 20.2995 -11.2195 -43.3392 265.044
772 2112 -204.9 -46.9422 1535 35.9371 -25.0527 -4.60526 139.045
773 22 6.66587 -135.359 1535 399.647 0.0247931 -0.0887492 0.502622
774 22 153.844 -122.421 1535 547.018 0.337258 -0.587651 4.77692
775 22 170.387 -285.324 1535 7.11956 0.630718 -0.672458 4.50948
776 22 -244.507 -92.7732 1535 6.62021 -0.781003 -0.371263 4.45818
777 2112 -115.361 159.208 1535 23.9163 -21.0954 38.7376 218.335
778 22 260.605 -278.29 1535 228.636 1.65774 -1.24732 4.3573
779 22 -38.7505 243.336 1535 137.893 -0.0418285 1.30401 4.25017
780 2112 247.219 70.3053 1535 25.1926 37.2474 12.4202 206.943
781 2112 38.4622 -111.462 1535 34.5697 4.73205 -11.6103 144.569
782 22 63.5564 8.3219 1535 12.5894 0.389601 -0.531268 9.78766
783 2112 -235.925 -148.296 1535 23.615 -51.3806 -11.6277 222.522
784 2112 -35.8019 -240.71 1535 60.0043 -5.26911 -14.63 80.1238
785 2112 138.657 96.3909 1535 16.2315 26.7897 6.21733 354.961
786 22 -88.5576 -223.84 1535 7.02656 -0.0156132 -0.0968805 0.533207
787 22 219.003 190.303 1535 6.68447 0.105397 0.507068 1.89689
788 22 161.619 -281.078 1535 778.816 0.0952793 -0.291763 1.61295
789 22 58.6009 94.0979 1535 7.45118 -0.00750191 -0.00430769 0.28264
790 22 -197.656 -113.026 1535 6.76946 -0.176394 0.176939 1.62374
791 22 94.9747 98.913 1535 6.87665 0.303887 0.322632 5.93889
792 2112 -14.0259 -86.3173 1535 26.8368 -9.62949 -4.34765 193.124
793 11 114.703 -246.229 1535 383.115 0.318812 -0.304433 1.8473
794 22 38.0338 50.6718 1535 10.0475 0.00359075 0.0466322 0.227119
795 22 52.9553 12.8496 1535 7.21438 0.0201144 0.00418633 0.10824
796 22 -37.7954 97.8128 1535 6.48729 -0.135825 0.198997 2.27902
797 22 246.446 -47.0107 1535 5797.25 0.37771 -0.0750466 2.18945
798 22 -273.887 -32.1303 1535 1027.04 -0.0882584 0.0256457 0.231443
799 2112 -231.09 -238.02 1535 18.6971 -98.3734 -27.2562 298.294
800 2112 116.763 194.422 1535 43.2659 9.13678 18.2317 114.032
801 2112 31.5912 143.133 1535 20.492 25.4691 32.5976 262.947
802 22 298.538 266.985 1535 8.04354 2.11434 2.02026 8.8012
803 22 -61.5572 -128.259 1535 77.5056 0.957151 0.60166 4.69042
804 22 -245.49 283.472 1535 7.26016 -0.627418 0.836367 4.17392
805 22 -88.4473 211.288 1535 361.633 -0.192417 0.586182 2.09318
806 2112 -17.0791 -251.341 1535 19.5512 1.72073 -50.4205 278.437
807 2112 105.392 -148.384 1535 18.4099 19.1565 -23.1831 299.663
808 2112 131.726 -288.93 1535 22.1075 10.4205 -43.706 242.775
809 22 -125.951 75.2791 1535 6.98228 -0.125952 -0.0172357 0.574227
810 2112 212.116 -214.217 1535 24.3079 28.314 -17.6928 227.022
811 2112 161.426 22.7139 1535 17.9149 26.5157 16.1964 309.155
812 22 258.779 -276.819 1535 8.44904 0.00419706 -0.0218453 0.0907588
813 22 -14.7395 -266.135 1535 7.03026 -0.128039 -1.08682 6.76181
814 22 116.672 111.188 1535 9.54792 -0.00112281 -0.00189915 0.0379146
815 22 172.883 -171.276 1535 9768.32 0.00709204 -0.177734 2.17495
816 22 -55.2203 -277.215 1535 55.7776 0.0887029 -0.244302 2.16746
817 22 189.524 -101.859 1535 7.39438 -0.00540009 -0.0198407 0.183415
818 2112 90.191 -171.929 1535 32.5045 10.7049 -16.1711 157.587
819 22 -109.264 6.89747 1535 34.1754 -0.0163067 0.00536268 0.102405
820 2112 -13.5697 4.8512 1535 18.7128 -12.6364 13.1049 293.887
821 22 54.3771 247.713 1535 39.0421 0.0331518 0.0565424 0.232544
822 22 -291.751 -166.703 1535 10.4411 -0.0134138 -0.00216656 0.0347065
823 22 240.559 -127.908 1535 8.76672 -7.32332e-05 -0.0133563 0.140402
824 22 285.444 122.855 1535 172.751 0.133673 0.123835 0.477406
825 22 -162.824 -230.31 1535 6.83156 -0.324934 -0.353882 2.92306
826 22 -173.953 235.849 1535 6.96175 -0.439329 0.546216 3.31779
827 22 -214.151 -194.998 1535 7.33218 0.00703135 -0.00243531 0.172482
828 2112 31.8439 75.0192 1535 20.5709 6.72495 20.5552 260.904
829 22 -114.722 -197.166 1535 6.97602 -0.178189 -0.676564 5.36002
830 2112 57.5742 -72.4553 1535 16.2368 13.8102 -9.02605 349.12
831 22 -161.927 268.996 1535 8.46599 -0.00217242 0.00376054 0.109663
832 22 204.789 116.591 1535 7.89235 0.0254278 -0.00166827 0.170139
833 2112 218.923 182.549 1535 36.7333 14.745 26.3132 139.016
834 2112 218.517 -239.378 1535 17.1237 56.7138 -54.3637 328.147
835 2112 -269.059 -148.063 1535 21.6318 -30.3262 -15.8751 249.306
836 22 -177.186 37.8068 1535 28.6463 -0.087492 0.00918226 0.517618
837 2112 120.045 -184.857 1535 34.5283 12.9234 -14.3594 145.699
838 2112 231.497 -158.397 1535 62.663 12.2174 -7.31169 69.6124
839 22 -218.217 65.7642 1535 6.94898 -1.40559 0.112696 9.21762
840 22 -18.0219 -118.344 1535 6.94017 -0.0263861 -0.120183 2.5284
841 22 -222.257 -178.923 1535 1390.08 -0.0228725 -0.00915964 0.232398
842 22 6.31906 -196.281 1535 8.03442 -0.289084 -0.970709 6.00235
843 2112 -189.606 -240.759 1535 30.8143 -12.1549 -15.9865 168.539
844 22 -61.5903 -35.9972 1535 6.70096 -0.210775 -0.00123185 7.18449
845 2112 -138.114 -180.845 1535 16.9233 -28.4668 -41.918 332.551
846 22 -209.494 149.404 1535 8.70241 -0.400634 0.228222 2.89809
847 2112 -134.54 277.408 1535 2212.23 -0.100579 0.178185 2.26953
848 22 -243.024 93.1979 1535 7.19038 -1.10171 0.418585 6.02846
849 2112 -61.9011 189.684 1535 15.976 -45.6004 45.7011 362.721
850 22 -167.279 152.226 1535 7.79228 -0.0219396 0.00728061 0.0898647
851 22 -125.438 -57.2286 1535 6.72335 -0.0538275 -0.0115425 0.56427
852 22 -160.409 12.4274 1535 7.03085 -0.638421 0.0154954 4.45239
853 22 0.593119 278.648 1535 6.82578 -0.0367263 1.0089 5.05653
854 22 -188.832 -227.758 1535 6621.39 -0.119511 -0.594776 2.09618
855 22 144.068 -173.892 1535 7.45412 0.0146342 -0.0341483 0.168346
856 2112 190.442 -241.009 1535 23.4416 26.0444 -22.0566 228.47
857 2112 -33.6346 -88.2662 1535 16.9587 -12.442 -44.2029 336.752
858 2112 -122.651 -246.56 1535 28.9108 -24.2807 -24.9769 177.628
859 22 28.9588 -140.913 1535 7.04533 0.0169874 -0.00268755 1.70145
860 22 -103.098 -214.018 1535 466.654 -1.13832 -0.460668 4.66765
861 22 163.876 -86.0692 1535 6.81481 0.543093 -0.281719 5.06115
862 22 57.3383 219.471 1535 7.20771 0.0575734 0.288276 1.76393
863 2112 208.036 -280.285 1535 20.8285 25.1649 -71.6783 265.135
864 2112 133.722 -18.0528 1535 3815.86 0.116995 -0.0573502 0.923099
865 2112 -132.771 -206.082 1535 19.1791 -15.4153 -48.7286 285.473
866 2112 -109.818 78.275 1535 17.5078 -20.0827 14.3583 317.993
867 22 120.386 221.979 1535 10.1456 0.00197569 0.01736 0.0540228
868 22 98.8476 -136.09 1535 8.10606 0.00270718 -0.00524028 0.0523496
869 2112 -59.8375 167.357 1535 36.6576 5.0791 10.6481 139.372
870 2112 85.4715 29.8761 1535 215.393 -0.831072 -14.252 28.2835
871 22 -102.684 -185.228 1535 6.97967 -0.613336 -1.06627 8.72442
872 2112 -194.096 32.6643 1535 18.2883 -24.5545 -2.62467 305.883
873 22 70.852 166.969 1535 8.27286 -0.000991818 0.00122566 0.0463976
874 22 -177.334 -129.309 1535 7.02944 -1.08374 -0.863401 8.51074
875 2112 -257.929 5.17711 1535 16.0824 -51.8185 -7.51513 358.121
876 22 -124.855 -187.073 1535 676.653 0.00866824 -0.13597 0.520284
877 22 -299.274 -105.817 1535 7.07004 -0.903539 -0.0953518 2.85563
878 22 -165.989 46.3553 1535 118.973 -0.0678664 -0.02935 2.18108
879 22 -139.444 65.7323 1535 6106.35 -0.266929 0.18804 2.15765
880 2112 -98.0537 255.652 1535 31.746 -23.3917 26.2779 165.312
881 2112 -70.4728 9.93739 1535 31.2413 -10.8657 7.10694 161.876
882 22 -233.564 -237.934 1535 6.95809 -0.975948 -0.956972 5.65827
883 2112 -109.58 223.472 1535 17.232 -28.9007 38.8663 324.492
884 2112 164.784 262.991 1535 25.1844 26.2529 48.5939 207.782
885 2112 55.7102 -88.0064 1535 20.8237 2.37497 1.1508 258.703
886 22 -193.173 -184.656 1535 6.90248 -0.251361 -0.245463 2.02757
887 22 -26.0512 72.6596 1535 6.81334 -0.0708168 0.265367 5.9216
888 2112 290.509 113.305 1225.5 25276.9 0.145726 -0.0221165 0.0168806
889 22 188.684 -23.3718 1535 718.49 0.167852 -0.0154134 0.644081
890 2112 93.0389 -176.227 1535 20.1026 -14.3882 -30.4702 272.394
891 2112 290.511 146.535 1535 17.6487 53.843 37.7033 316.044
892 2112 190.923 -106.961 1535 35.061 12.5294 4.33691 128.832
893 22 170.362 290.257 1535 59.8263 0.268631 0.285433 1.08776
894 2112 23.1292 125.847 1535 19.174 4.68379 31.2635 284.627
895 22 107.606 -140.865 1535 677.006 -0.155676 0.0323926 2.17652
896 22 -167.241 283.551 1535 6.44389 -0.456539 0.671606 3.46285
897 22 207.199 148.366 1535 8.45138 0.0183047 0.0318826 0.10159
898 22 240.266 -182.633 1535 6.86753 0.94252 -0.616744 4.96077
899 22 60.688 21.7446 1535 6.71652 0.0368379 -0.00167416 1.3901
900 2112 77.3943 239.256 1535 16.2963 -6.27468 53.6855 350.925
901 2112 295.539 289.558 1535 20.5468 66.0645 55.3035 260.425
902 22 -205.741 103.001 1535 6.96946 -0.369406 0.17913 2.6105
903 2112 1.95685 168.365 1535 57.7247 2.21932 13.4498 71.3058
904 22 -286.976 284.56 1535 9035.69 -0.467843 0.366034 2.14223
905 2112 215.344 254.626 1535 17.6437 44.16 59.2247 315.463
906 2112 -234.371 -191.972 1535 22.5799 -40.3366 -35.1175 235.451
907 2112 98.7231 85.3379 1535 18.4653 49.0517 3.55899 299.597
908 22 218.716 -275.976 1535 7.13839 0.00132225 -0.00537033 0.0173795
909 22 48.9088 193.946 1535 561.851 0.0133617 0.0518771 0.216452
910 22 -188.974 267.528 1535 562.387 -0.0183434 0.0354537 0.117939
911 22 -157.922 -106.756 1535 8.69992 -0.00631797 -0.00450265 0.0447518
912 2112 -69.8519 55.5244 1535 18.2103 -20.12 6.9218 303.775
913 22 -295.894 275.108 1535 7.04256 -1.09143 0.835871 5.12503
914 2212 144.084 -137.443 1535 19.8378 10.5081 -12.8211 266.097
915 11 155.469 291.214 1535 7.76703 0.584099 -0.237373 1.19182
916 2112 -233.374 3.30589 1535 22.1216 -8.27693 -3.43806 249.05
917 22 -46.4269 -264.187 1535 6.99551 -0.136281 -0.90742 5.18447
918 22 -267.899 -27.2714 1535 6.97156 -1.35991 0.0597848 6.87286
919 22 -31.8894 40.8672 1535 7.61943 -0.0044549 0.0147486 0.161191
920 2112 -256.306 -162.19 1535 58.4685 -12.6248 -1.18827 72.6781
921 22 -245.601 -81.5606 1535 6.82056 -0.00650198 -0.00592082 0.15581
922 22 70.7875 -10.292 1535 6.30464 0.0185681 -0.0560609 2.56669
923 2112 -53.9439 -34.4038 1535 22.5884 -14.493 -11.9847 242.058
924 22 242.632 -6.20564 1535 54.851 1.11012 -0.181725 4.69426
925 2112 153.324 -83.3646 1535 19.4523 36.1958 -26.3667 278.585
926 2112 -71.9614 -21.7938 1535 17.3514 -16.617 -1.72101 321.818
927 2112 31.8505 21.4255 1535 22.1173 4.07236 0.566934 240.206
928 22 285.913 213.087 1535 6.88274 0.830068 0.483127 4.0114
929 2112 201.446 -186.457 1535 16.916 41.2014 -43.6378 332.172
930 22 -134.048 14.6907 1535 579.63 -0.38298 0.0435333 2.14789
931 22 135.754 163.282 1535 969.335 0.0107933 0.011891 0.0816885
932 22 106.533 -243.936 1535 1765.22 0.613744 -0.705562 4.34299
933 22 -241.262 -297.067 1535 152.224 -0.913179 -1.35293 4.135
934 22 125.011 193.32 1535 8.86828 0.299658 0.206217 2.72719
935 2112 -168.016 -205.548 1535 22.3732 -33.625 -34.1495 238.55
936 22 254.941 254.753 1535 428.555 0.129997 0.109509 0.481901
937 2112 67.0779 -216.9 1535 121.783 0.101484 -1.34281 33.1124
938 22 5.13691 55.3691 1535 6.71116 -0.0626465 0.224977 3.79848
939 22 -84.1097 -265.879 1535 287.456 -0.0095196 -0.0151702 0.0611748
940 22 98.7525 219.075 1535 7.4647 -0.0191895 0.213667 0.676812
941 22 116.1 56.4701 1535 148.608 0.457204 -0.1127 4.80331
942 22 -255.517 219.508 1535 7.75633 -0.0147732 0.00688196 0.099493
943 22 -218.32 -17.0602 1535 13.1829 -0.870907 -0.322264 4.83097
944 22 7.12258 142.119 1535 7.80899 0.00535978 0.00406558 0.037563
945 2112 -0.968866 -77.1485 1535 17.9439 -2.60579 -2.49148 309.765
946 22 -82.6605 -214.779 1535 6.96697 -0.652102 -1.0004 8.33588
947 22 -277.597 -240.794 1535 7.58195 -0.55301 -0.241956 2.04859
948 22 -21.7243 -179.338 1535 6.83865 -0.143318 -0.20686 2.8604
949 2112 -159.593 -50.0619 1535 24.5449 1.77958 26.5146 216.553
950 2112 121.755 -119.573 1535 23.1212 20.3982 -21.2747 227.722
951 2112 180.071 -241.255 1535 20.5762 42.7185 -37.0734 262.625
952 22 0.265391 -35.2373 1535 6.46126 -0.260117 -0.491979 9.72573
953 2112 -289.524 68.9853 1535 15.3359 -64.8687 20.977 377.08
954 2112 204.498 80.2047 1535 17.8101 49.3665 20.3012 312.611
955 22 -150.319 -92.0194 1535 8.26605 -0.0329808 0.0135912 0.201995
956 22 95.5867 108.679 1535 6.7529 0.553156 0.634086 6.75741
957 2112 -168.684 -109.698 1535 17.8108 -55.4628 46.7958 325.444
958 2112 -73.0322 11.7044 1535 20.2253 -24.1904 6.29916 271.155
959 2112 150.379 93.8001 1535 19.3755 35.2049 21.7317 281.795
960 22 68.394 163.416 1535 6.83999 0.0664482 0.248705 2.78422
961 2112 -243.283 -39.5671 1535 19.2077 -48.9327 -10.586 283.995
962 11 -129.715 -159.897 1535 7.19282 -0.913368 -0.155383 2.29168
963 2112 55.0566 73.9107 1535 24.0182 4.54325 6.68885 218.225
964 11 47.9247 124.36 1535 493.947 -0.349904 0.690823 1.78874
965 2112 -270.789 225.599 1535 65.5148 -28.4959 27.0132 61.8202
966 22 -175.023 -62.99 1535 7.0317 -0.48891 0.0474188 3.46279
967 22 257.333 92.2469 1535 130.499 0.415364 0.329042 2.83937
968 22 181.304 -28.1558 1535 8.69755 0.00166131 0.00999753 0.070226
969 22 51.2411 205.577 1535 7.03102 -0.00763217 0.419286 3.18132
970 2112 -101.913 278.877 1535 18.2647 -44.1857 55.6655 304.101
