p E SY suffix LRUD(10*LR+UD) LY_L LY_L_e LY_R LY_R_e LY_U LY_U_e LY_D LY_D_e resLR[ps] resLR_e resUD[ps] resUD_e
proton 100MeV 1000 gap_LR 10 126.7 14.3 127.0 14.2 0.0 0.0 0.0 0.0 0.208 0.006 0.000 0.000
proton 100MeV 1000 gap_LRUD 11 94.4 11.3 94.6 12.0 94.3 11.5 94.5 11.8 0.227 0.007 0.218 0.007
proton 100MeV 10000 SY1e4_vec_LR 10 1255.2 91.0 1263.3 91.0 0.0 0.0 0.0 0.0 0.071 0.002 0.000 0.000
alpha 5.48MeV 10000 SY1e4_vec_LR 10 172.2 13.3 172.3 13.3 0.0 0.0 0.0 0.0 0.180 0.001 0.000 0.000
alpha 5.48MeV 1000 10 17.9 4.8 17.8 4.8 0.0 0.0 0.0 0.0 0.549 0.030 0.000 0.000 
alpha 5.48MeV 1000 10 17.9 4.8 17.8 4.8 0.0 0.0 0.0 0.0 0.549 0.030 0.000 0.000 
alpha 5.48MeV 1000 10 17.9 4.8 17.8 4.8 0.0 0.0 0.0 0.0 0.549 0.030 0.000 0.000 
alpha 5.48MeV 1000 10 17.9 4.8 17.8 4.8 0.0 0.0 0.0 0.0 0.549 0.030 0.000 0.000 
alpha 5.48MeV 1000 10 17.9 4.8 17.8 4.8 0.0 0.0 0.0 0.0 0.549 0.030 0.000 0.000 
alpha 5.48MeV 1000 10 17.8 4.8 17.8 4.8 0.0 0.0 0.0 0.0 0.527 0.027 0.000 0.000 
alpha 5.48MeV 1000 10 17.8 4.8 17.8 4.8 0.0 0.0 0.0 0.0 0.527 0.027 0.000 0.000 
alpha 5.48MeV 1000 10 17.8 4.8 17.8 4.8 0.0 0.0 0.0 0.0 0.527 0.027 0.000 0.000 
alpha 5.48MeV 1000 10 17.8 4.8 17.8 4.8 0.0 0.0 0.0 0.0 0.527 0.027 0.000 0.000 
alpha 5.48MeV 1000 10 17.8 4.8 17.8 4.8 0.0 0.0 0.0 0.0 0.527 0.027 0.000 0.000 
alpha 5.48MeV 1000 10 17.8 4.8 17.8 4.8 0.0 0.0 0.0 0.0 0.527 0.027 0.000 0.000 
alpha 5.48MeV 10000 SY1e4 10 172.2 13.4 172.0 13.5 0.0 0.0 0.0 0.0 0.184 0.005 0.000 0.000
alpha 5.48MeV 1000 10 17.8 4.8 17.8 4.8 0.0 0.0 0.0 0.0 0.527 0.027 0.000 0.000 
alpha 5.48MeV 1000 10 17.8 4.8 17.8 4.8 0.0 0.0 0.0 0.0 0.527 0.027 0.000 0.000 
proton 100MeV 1000 gap_LR_default 10 126.5 14.5 126.5 14.0 0.0 0.0 0.0 0.0 0.197 0.006 0.000 0.000
